from_stop_id,to_stop_id,transfer_type,min_transfer_time
22505,22505,2,60
22505,22504,2,84
22868,22868,2,60
22989,22989,2,60
22901,22901,2,60
22626,22626,2,60
22747,22747,2,60
22868,22867,2,66
20601,20602,2,126
22901,22900,2,109
22747,22748,2,77
20601,20601,2,60
20279,10145,2,72
23054,11711,2,88
20909,10476,2,70
23180,11788,2,60
22989,22990,2,68
22673,11497,2,79
22506,22507,2,72
22506,22506,2,60
22748,22747,2,77
22902,22902,2,60
22627,22627,2,60
22748,22748,2,60
20567,20566,2,101
20600,20600,2,60
20567,20567,2,60
20963,20962,2,89
20963,20963,2,60
23055,11712,2,60
22799,11561,2,78
23181,11789,2,60
22507,22507,2,60
22507,22506,2,72
20566,20567,2,101
20566,20566,2,60
23056,11711,2,88
20962,20962,2,60
20962,20963,2,89
22798,11561,2,78
22508,22509,2,74
22508,22508,2,60
23182,11790,2,73
22904,22904,2,60
20565,20564,2,64
20565,20565,2,60
20961,20960,2,87
20961,20961,2,60
22797,11560,2,64
22004,11137,2,68
22627,22650,2,60
22670,11495,2,69
22509,22509,2,60
22509,22508,2,74
20564,20565,2,64
20289,20289,2,60
22905,22905,2,60
23183,11790,2,73
20564,20564,2,60
23058,11713,2,60
20960,20960,2,60
22796,11560,2,64
20960,20961,2,87
22003,11137,2,68
20289,20290,2,97
20274,10142,2,65
22906,22906,2,60
20563,20562,2,61
20563,20563,2,60
22906,22907,2,87
20276,10143,2,110
23059,11714,2,60
22795,11559,2,64
22002,11136,2,64
21014,21014,2,60
20275,10143,2,110
20562,20563,2,61
22907,22907,2,60
23023,22735,2,101
22907,22906,2,87
23023,22734,2,111
20562,20562,2,60
21013,21012,2,91
21013,21013,2,60
22001,11136,2,64
20272,10141,2,83
22541,11428,2,65
22794,11559,2,64
21784,10998,2,64
23186,11791,2,80
20286,20286,2,60
22099,20001,2,78
23063,11695,2,66
21012,21013,2,91
21012,21012,2,60
22378,11344,2,60
22000,11135,2,80
20273,10142,2,65
22793,11558,2,65
22540,11428,2,65
22101,22101,2,60
22585,22586,2,71
22343,22342,2,69
22464,22464,2,60
22101,22103,2,82
22585,22585,2,60
22343,22343,2,60
22101,22102,2,67
22860,22860,2,60
22981,22981,2,60
22101,22104,2,74
22428,11370,2,71
22843,11586,2,67
22982,22979,2,102
22968,11662,2,84
23036,23036,2,60
23157,23157,2,60
22716,11518,2,61
22344,22345,2,66
22102,22102,2,60
22465,22466,2,73
22102,22101,2,67
22465,22465,2,60
22983,22978,2,93
22102,22104,2,81
22586,22586,2,60
22344,22344,2,60
22102,22103,2,90
22586,22585,2,71
22861,22861,2,60
22982,22982,2,60
22740,22740,2,60
22740,22741,2,69
20608,20608,2,60
22861,22862,2,67
20608,20607,2,98
22982,22983,2,137
22842,11585,2,63
22581,23006,2,129
22967,11661,2,63
23037,23037,2,60
22715,11518,2,61
22103,22101,2,82
22103,22103,2,60
22103,22102,2,90
22345,22344,2,66
22466,22466,2,60
22587,22587,2,60
22345,22345,2,60
22466,22465,2,73
22103,22104,2,69
22741,22740,2,69
22862,22862,2,60
22983,22983,2,60
22620,22620,2,60
22741,22741,2,60
22862,22861,2,67
20607,20608,2,98
22983,22982,2,137
22620,22621,2,117
20607,20607,2,60
22841,11585,2,63
22721,11455,2,122
22427,11369,2,95
22966,11660,2,62
23038,23038,2,60
22714,11517,2,73
22720,11455,2,128
21753,10483,2,76
22104,22102,2,81
22104,22101,2,74
22346,22347,2,82
22104,22104,2,60
22467,22468,2,67
22104,22103,2,69
22467,22467,2,60
22500,22500,2,60
22588,22588,2,60
22346,22346,2,60
22621,22620,2,117
22863,22863,2,60
22984,22984,2,60
22621,22621,2,60
22742,22742,2,60
20606,20606,2,60
21752,10476,2,70
22863,22864,2,88
20606,20605,2,88
22840,11584,2,74
20969,20969,2,60
22426,11369,2,95
22965,11659,2,63
22713,11517,2,74
21937,21937,2,60
21937,21936,2,71
22588,22591,2,60
20969,20970,2,109
22105,22105,2,60
22347,22346,2,82
22468,22468,2,60
22501,22501,2,60
22589,22589,2,60
22347,22347,2,60
22468,22467,2,67
22105,22106,2,108
20209,20209,2,60
22864,22864,2,60
22985,22985,2,60
22622,22622,2,60
22864,22863,2,88
20605,20606,2,88
22984,22994,2,129
22622,22623,2,67
20605,20605,2,60
20968,20968,2,60
22678,11499,2,65
20209,20210,2,81
22589,22590,2,95
21936,21937,2,71
21936,21936,2,60
22985,22993,2,70
20570,10299,2,72
22348,22349,2,67
22106,22106,2,60
22502,22503,2,93
22106,22105,2,108
22469,22469,2,60
22502,22502,2,60
22348,22348,2,60
22623,22622,2,67
22865,22865,2,60
22986,22986,2,60
22623,22623,2,60
22865,22866,2,117
22677,11499,2,65
22469,22470,2,102
22423,11367,2,78
21935,21935,2,60
22986,22992,2,66
22349,22348,2,67
22503,22503,2,60
22349,22349,2,60
22503,22502,2,93
22866,22866,2,60
22987,22987,2,60
22624,22624,2,60
22745,22745,2,60
22866,22865,2,117
22624,22625,2,67
22745,22746,2,72
22676,11498,2,65
23052,11710,2,60
22549,11432,2,60
22710,11515,2,69
22675,11498,2,65
22422,11367,2,78
21934,21934,2,60
21934,21933,2,86
22504,22505,2,84
22587,23009,2,66
22504,22504,2,60
22625,22624,2,67
22746,22745,2,72
22867,22867,2,60
22988,22988,2,60
22900,22900,2,60
22625,22625,2,60
22746,22746,2,60
20602,20602,2,60
22867,22868,2,66
20602,20601,2,126
22900,22901,2,109
22548,11432,2,60
22674,11497,2,79
21933,21934,2,86
21933,21933,2,60
22988,22991,2,68
22203,20630,2,70
22060,22060,2,60
22839,11584,2,74
23218,11816,2,67
20606,10318,2,74
22496,11404,2,68
22061,22061,2,60
22838,11583,2,67
22061,22062,2,65
23219,11817,2,60
22699,22700,2,60
20607,10319,2,79
23150,23150,2,60
23030,23028,2,68
22495,11404,2,68
22062,22062,2,60
22062,22061,2,65
22837,11583,2,67
22580,22579,2,71
23030,23030,2,60
23031,23027,2,65
22184,22185,2,70
22063,22063,2,60
22580,22580,2,60
22184,22184,2,60
22836,11582,2,75
22063,22064,2,102
20605,10318,2,74
22460,22459,2,88
23031,23031,2,60
23152,23152,2,60
23032,23026,2,69
22835,11582,2,75
20314,10162,2,72
22064,22064,2,60
20567,10296,2,80
22581,22582,2,105
22064,22063,2,102
22185,22184,2,70
22460,22460,2,60
22581,22581,2,60
22185,22185,2,60
22709,11515,2,69
23032,23032,2,60
20601,10316,2,93
22492,11402,2,68
22742,11170,2,83
22340,22341,2,73
22834,11581,2,66
22065,22065,2,60
22461,22462,2,66
22461,22461,2,60
22582,22582,2,60
22340,22340,2,60
22582,22581,2,105
22065,22066,2,72
22708,11514,2,62
23033,23033,2,60
20922,21753,2,93
20602,10316,2,93
21745,10495,2,76
22491,11402,2,68
22066,22066,2,60
22833,11581,2,66
22066,22065,2,72
20565,10295,2,62
22341,22340,2,73
22462,22462,2,60
22341,22341,2,60
22462,22461,2,66
22419,11365,2,60
20600,20599,2,66
22959,11658,2,60
22707,11514,2,62
23034,23034,2,60
22490,11401,2,101
22342,22343,2,69
22067,22067,2,60
22832,11580,2,74
20566,10296,2,80
22463,22463,2,60
22342,22342,2,60
22980,22980,2,60
22958,11657,2,60
22706,11513,2,68
22860,22859,2,75
20313,10162,2,72
23035,23035,2,60
21809,21808,2,94
21809,21809,2,60
20600,10315,2,63
22062,20260,2,136
20285,20285,2,60
21011,21010,2,74
21011,21011,2,60
20270,10140,2,75
22662,11520,2,131
22792,11558,2,65
23177,11785,2,60
20284,20284,2,60
20284,20283,2,73
21010,21011,2,74
21010,21010,2,60
20271,10141,2,83
22376,11343,2,60
22661,11520,2,135
23124,22967,2,113
22791,11557,2,82
22886,23033,2,81
23178,11786,2,60
20283,20283,2,60
20283,20284,2,73
22050,22104,2,125
22050,22103,2,116
22790,11557,2,82
20502,22078,2,98
23179,11787,2,60
20282,20282,2,60
20282,20281,2,71
22374,11342,2,60
20570,21750,2,83
20281,20281,2,60
21966,22050,2,71
20281,20282,2,71
23053,22370,2,76
22299,22300,2,110
20280,20280,2,60
23149,22756,2,98
23149,22757,2,117
22372,11341,2,60
20608,10319,2,79
23216,11815,2,60
22717,11491,2,133
20280,20279,2,85
22498,11405,2,73
23217,11816,2,67
22060,22059,2,102
22370,11340,2,68
22497,11405,2,73
22516,22517,2,85
22516,22516,2,60
22637,22636,2,76
22879,22879,2,60
22637,22637,2,60
22758,22758,2,60
22758,22759,2,75
20579,20579,2,60
22432,11372,2,63
23066,11719,2,60
20579,20580,2,75
22879,22880,2,77
22971,11663,2,93
22305,11307,2,66
20577,10303,2,63
22517,22517,2,60
22517,22516,2,85
22759,22758,2,75
22913,22913,2,60
22638,22638,2,60
22759,22759,2,60
22638,22639,2,69
20578,20577,2,65
20578,20578,2,60
22913,22914,2,83
22431,11372,2,63
22970,11663,2,93
22304,11306,2,66
20578,10303,2,63
22518,22519,2,66
22518,22518,2,60
22639,22638,2,69
20577,20578,2,65
22914,22914,2,60
22639,22639,2,60
22914,22913,2,83
20577,20577,2,60
20973,20973,2,60
22430,11371,2,97
20630,21748,2,83
22303,11306,2,66
21941,21941,2,60
22556,11436,2,64
20575,10302,2,76
22519,22519,2,60
22519,22518,2,66
23068,11720,2,63
22915,22915,2,60
20576,20575,2,92
20576,20576,2,60
22915,22916,2,65
20972,20972,2,60
22268,11288,2,65
20289,10150,2,79
22302,11305,2,70
22267,11288,2,65
22555,11436,2,64
20576,10302,2,76
23069,11721,2,63
20575,20576,2,92
22916,22916,2,60
22916,22915,2,65
20575,20575,2,60
23058,10504,2,97
20971,20971,2,60
20257,11770,2,122
22301,11305,2,70
20286,10148,2,107
22266,11287,2,60
20573,10301,2,66
22400,22399,2,98
20299,20299,2,60
22917,22917,2,60
20574,20573,2,73
20574,20574,2,60
20970,20970,2,60
20258,11770,2,122
22300,11304,2,85
21784,21784,2,60
20574,10301,2,66
20589,21747,2,95
20970,20969,2,109
20573,20574,2,73
20210,20210,2,60
20298,20298,2,60
22918,22918,2,60
20298,20297,2,69
20573,20573,2,60
22918,22919,2,74
22679,11500,2,61
20284,10147,2,67
21024,21023,2,66
21024,21024,2,60
20571,10300,2,69
22981,11507,2,68
21008,10524,2,106
20297,20297,2,60
22919,22919,2,60
22919,22918,2,74
20572,20571,2,77
20572,20572,2,60
20297,20298,2,69
20210,20209,2,81
21023,21024,2,66
20285,10148,2,107
21023,21023,2,60
20572,10300,2,69
21009,10524,2,106
22475,22476,2,95
22993,22985,2,70
22475,22475,2,60
22596,22596,2,60
22992,22992,2,60
22750,22750,2,60
20943,21745,2,92
22728,11526,2,83
23047,23047,2,60
23168,23168,2,60
23009,11452,2,63
20620,10325,2,76
22476,22476,2,60
22597,22597,2,60
22355,22355,2,60
22476,22475,2,95
22993,22993,2,60
22630,22630,2,60
22751,22751,2,60
22630,22631,2,98
22751,22752,2,89
22994,22984,2,129
22979,11669,2,81
20630,22203,2,70
22727,11525,2,68
23048,23048,2,60
23169,23169,2,60
21708,21708,2,60
20621,10325,2,76
22477,22478,2,86
22477,22477,2,60
22510,22510,2,60
22631,22630,2,98
22752,22751,2,89
22873,22873,2,60
22994,22994,2,60
22631,22631,2,60
22752,22752,2,60
22873,22874,2,80
22726,11525,2,68
22978,11668,2,77
22438,11375,2,72
22852,11590,2,77
23049,23049,2,60
23060,11715,2,60
21828,21828,2,60
22995,22998,2,70
22478,22478,2,60
22478,22477,2,86
22874,22874,2,60
22995,22995,2,60
22632,22632,2,60
22753,22753,2,60
22874,22873,2,80
22632,22633,2,87
22753,22754,2,79
22725,11524,2,64
22977,11667,2,60
22437,11375,2,72
22851,11590,2,76
22479,22479,2,60
22512,22512,2,60
22358,22358,2,60
22633,22632,2,87
22754,22753,2,79
22875,22875,2,60
22996,22996,2,60
22633,22633,2,60
22754,22754,2,60
22875,22876,2,80
22976,11666,2,60
22724,11524,2,64
22967,11751,2,113
22436,11374,2,65
22850,11589,2,72
23062,11716,2,60
22479,22480,2,77
22309,11309,2,61
21947,21947,2,60
21947,21946,2,67
22876,22876,2,60
22997,22997,2,60
22634,22634,2,60
22755,22755,2,60
22876,22875,2,80
22634,22635,2,75
21713,10966,2,79
22997,22999,2,64
22975,11665,2,60
22723,11523,2,67
22435,11374,2,65
21946,21947,2,67
22722,11523,2,67
21946,21946,2,60
22998,22995,2,70
22635,22634,2,75
22877,22877,2,60
20218,20218,2,60
22998,22998,2,60
22635,22635,2,60
22756,22756,2,60
21712,10966,2,79
20218,20217,2,62
22756,22757,2,79
22877,22878,2,71
22974,11664,2,60
22434,11373,2,69
22721,11522,2,64
22307,11308,2,60
20579,10304,2,67
22999,22997,2,64
22515,22515,2,60
22757,22756,2,79
22878,22878,2,60
20217,20217,2,60
22999,22999,2,60
22636,22636,2,60
22757,22757,2,60
22878,22877,2,71
22636,22637,2,76
20217,20218,2,62
22433,11373,2,69
23065,11718,2,60
22306,11307,2,66
22720,11522,2,64
23104,11741,2,65
23105,11741,2,65
22590,22589,2,95
23040,23040,2,60
22094,11171,2,67
22380,11345,2,60
22194,22195,2,73
22590,22590,2,60
22194,22194,2,60
22470,22469,2,102
22591,22588,2,60
22849,11589,2,72
20256,21925,2,107
20256,21926,2,94
23041,23041,2,60
22093,11171,2,67
23041,23042,2,80
21999,11135,2,80
22195,22194,2,73
22470,22470,2,60
22591,22591,2,60
22195,22195,2,60
22256,20258,2,83
22256,20257,2,93
21966,22104,2,114
22848,11588,2,67
21966,22103,2,106
21966,22102,2,135
21966,22101,2,128
20255,21926,2,120
20255,21925,2,129
23042,23041,2,80
23042,23042,2,60
22075,22075,2,60
22048,21014,2,89
22471,22472,2,63
22471,22471,2,60
22592,22592,2,60
22350,22350,2,60
23012,11379,2,111
22847,11588,2,67
23043,23043,2,60
23043,23044,2,83
22062,10135,2,132
23109,11743,2,68
22719,11521,2,70
22472,22472,2,60
22472,22471,2,63
23006,11449,2,134
22846,11587,2,75
22990,22989,2,68
23044,23043,2,83
23169,23124,2,111
23044,23044,2,60
23165,23165,2,60
23165,23166,2,69
22061,10135,2,129
22718,11521,2,70
22594,22595,2,85
22594,22594,2,60
22352,22352,2,60
22990,22990,2,60
22845,11587,2,75
22991,22988,2,68
23166,23165,2,69
23045,23045,2,60
23166,23166,2,60
23045,23046,2,70
22969,11662,2,84
22078,22078,2,60
22717,11520,2,60
22474,22474,2,60
22595,22595,2,60
22992,22986,2,66
22595,22594,2,85
22991,22991,2,60
22429,11370,2,71
22844,11586,2,67
23046,23045,2,70
21708,10962,2,60
23046,23046,2,60
23167,23167,2,60
20571,20572,2,77
21007,10523,2,82
20296,20296,2,60
22909,22909,2,60
20296,20295,2,96
20571,20571,2,60
22389,11350,2,69
20282,10146,2,66
22550,11433,2,60
21143,21143,2,60
20258,11713,2,121
23188,11791,2,80
20295,20295,2,60
21006,10523,2,82
20570,20570,2,60
20295,20296,2,96
20283,10147,2,67
21142,21142,2,60
22388,11349,2,110
21142,21141,2,103
20294,20294,2,60
20294,20293,2,69
23067,11688,2,68
21141,21142,2,103
21141,21141,2,60
22387,11349,2,110
22821,22486,2,73
20280,10145,2,72
20293,20293,2,60
20293,20294,2,69
23108,21934,2,106
23108,21933,2,124
20257,11713,2,132
22386,11348,2,65
22756,23149,2,98
20281,10146,2,66
20922,11678,2,122
22757,23149,2,117
22385,11348,2,65
23111,10311,2,95
23111,20592,2,130
20290,20290,2,60
23112,10311,2,103
23103,11740,2,60
20290,20289,2,97
22096,11180,2,60
22208,22209,2,75
22256,23058,2,111
20506,20949,2,132
22208,22208,2,60
22329,22329,2,60
22725,22724,2,68
22846,22846,2,60
22967,22967,2,60
22604,22604,2,60
22725,22725,2,60
20506,20948,2,124
22846,22845,2,90
22604,22605,2,87
20592,23111,2,130
20256,10133,2,97
22524,11420,2,70
22777,11550,2,65
21744,20548,2,60
22650,11485,2,60
20002,10002,2,73
22209,22208,2,75
20505,20948,2,93
22209,22209,2,60
20505,20949,2,118
22605,22604,2,87
22847,22847,2,60
22968,22968,2,60
22605,22605,2,60
22726,22726,2,60
22726,22727,2,76
22847,22848,2,74
22968,22969,2,109
20257,10134,2,66
23052,11501,2,119
22776,11550,2,64
22430,23036,2,134
22727,22726,2,76
22848,22848,2,60
20269,20269,2,60
20302,20302,2,60
22969,22969,2,60
22606,22606,2,60
22727,22727,2,60
22848,22847,2,74
20302,20301,2,82
22969,22968,2,109
22606,22607,2,69
22775,11549,2,60
20269,20270,2,90
20260,22061,2,133
20260,22062,2,136
22607,22606,2,69
22849,22849,2,60
20268,20268,2,60
20301,20301,2,60
22607,22607,2,60
22728,22728,2,60
20268,20267,2,91
22728,22729,2,106
20301,20302,2,82
20255,10133,2,97
23034,11700,2,60
22774,11549,2,60
22849,22850,2,84
20001,10001,2,69
22486,11399,2,66
21753,21753,2,60
22521,11418,2,76
22729,22728,2,106
20267,20267,2,60
20300,20300,2,60
22608,22608,2,60
22729,22729,2,60
20267,20268,2,91
23035,11701,2,60
22773,11548,2,74
20251,10131,2,64
21752,21752,2,60
22520,11418,2,76
20266,20266,2,60
22609,22609,2,60
20266,20265,2,70
22358,11334,2,63
22898,11617,2,70
20252,10131,2,64
22772,11548,2,74
20265,20265,2,60
23037,11702,2,60
20265,20266,2,70
22897,11617,2,70
21750,21750,2,60
22771,11547,2,66
23038,11703,2,60
23051,11574,2,69
22482,11397,2,68
22355,11332,2,60
20250,10130,2,86
22303,23037,2,104
22770,11547,2,66
22321,22322,2,71
22288,22287,2,71
22442,22442,2,60
22321,22321,2,60
22288,22288,2,60
22442,22441,2,88
22946,11647,2,67
22406,11358,2,66
22820,11572,2,73
23014,23014,2,60
22945,11647,2,67
20551,10288,2,71
20001,22099,2,78
22201,22202,2,126
22443,22444,2,95
22322,22321,2,71
22443,22443,2,60
22201,22201,2,60
22322,22322,2,60
22289,22289,2,60
21747,10309,2,77
22685,22685,2,60
22685,22686,2,71
22658,11489,2,103
20949,20948,2,93
20949,20949,2,60
20300,10155,2,69
22405,11358,2,66
22840,22839,2,88
23015,23015,2,60
22289,22290,2,87
20552,10289,2,67
22323,22324,2,65
22048,22048,2,60
22565,22566,2,101
22202,22201,2,126
22444,22444,2,60
22565,22565,2,60
22202,22202,2,60
22169,22169,2,60
22323,22323,2,60
22444,22443,2,95
22686,22685,2,71
22840,22840,2,60
22686,22686,2,60
21746,20598,2,75
20948,20948,2,60
20948,20949,2,93
22404,11357,2,75
21747,20589,2,95
22657,11489,2,103
23016,23022,2,65
20009,10004,2,68
23016,23016,2,60
23011,23067,2,76
21746,10314,2,68
20963,10504,2,67
22445,22446,2,72
22324,22323,2,65
22445,22445,2,60
22566,22566,2,60
22203,22203,2,60
22324,22324,2,60
22566,22565,2,101
22841,22841,2,60
20309,20309,2,60
22962,22962,2,60
22687,22687,2,60
22720,22720,2,60
22720,22721,2,69
22841,22842,2,67
23017,23021,2,67
22656,11488,2,64
22403,11357,2,75
22529,11422,2,65
22964,11430,2,62
23017,23017,2,60
20309,20310,2,118
20550,10288,2,71
22204,22205,2,83
22325,22326,2,83
22446,22446,2,60
22204,22204,2,60
22325,22325,2,60
22446,22445,2,72
22721,22720,2,69
22842,22842,2,60
22963,22963,2,60
22721,22721,2,60
22842,22841,2,67
22963,22964,2,64
22655,11488,2,64
22402,11356,2,66
21941,10998,2,64
22963,11430,2,62
22528,11422,2,65
22812,11608,2,79
23018,23018,2,60
22401,11356,2,66
20961,10503,2,74
22447,22448,2,94
22205,22204,2,83
22326,22325,2,83
22447,22447,2,60
22205,22205,2,60
22326,22326,2,60
22843,22843,2,60
22964,22964,2,60
22689,22689,2,60
22722,22722,2,60
22964,22963,2,64
22722,22723,2,73
22843,22844,2,74
20945,20944,2,104
20945,20945,2,60
22654,11487,2,71
20008,10004,2,68
23019,23023,2,106
22527,11421,2,66
23019,23019,2,60
22811,11608,2,79
22689,22690,2,76
22400,11355,2,79
22653,11487,2,71
20962,10504,2,86
22206,22207,2,87
22448,22448,2,60
22206,22206,2,60
22327,22327,2,60
22448,22447,2,94
22723,22722,2,73
22844,22844,2,60
22965,22965,2,60
20306,20306,2,60
22602,22602,2,60
22723,22723,2,60
22844,22843,2,74
20306,20305,2,88
22602,22603,2,87
20548,20548,2,60
20944,20944,2,60
20944,20945,2,104
20258,10134,2,66
22526,11421,2,66
22779,11551,2,109
22652,11486,2,65
22757,11767,2,117
22207,22206,2,87
22449,22449,2,60
22207,22207,2,60
22603,22602,2,87
22845,22845,2,60
22966,22966,2,60
20305,20305,2,60
22603,22603,2,60
22724,22724,2,60
22724,22725,2,68
22845,22846,2,90
20305,20306,2,88
20943,20943,2,60
20259,10135,2,64
22778,11551,2,109
22525,11420,2,70
22651,11486,2,65
22449,22450,2,79
21999,21999,2,60
22756,11767,2,98
20960,10503,2,74
20548,10287,2,60
22280,22280,2,60
22816,11570,2,70
23096,23081,2,88
22060,11161,2,81
23094,23094,2,60
22281,22282,2,115
22281,22281,2,60
22815,11570,2,70
23095,23095,2,60
21966,11114,2,99
22185,11238,2,65
22592,11522,2,125
22282,22281,2,115
22282,22282,2,60
22203,21748,2,92
23096,23096,2,60
22184,11238,2,65
22283,22283,2,60
22814,11569,2,62
22680,22679,2,62
23097,23097,2,60
22858,23174,2,84
22256,10504,2,85
21744,10287,2,60
22284,22284,2,60
23113,10002,2,73
22680,22680,2,60
22813,11569,2,62
23010,23010,2,60
23010,23014,2,76
22285,22286,2,80
22285,22285,2,60
22681,22681,2,60
22681,22682,2,65
22812,11568,2,60
21748,22203,2,92
23011,23011,2,60
22811,11568,2,60
22561,22562,2,78
22286,22285,2,80
22440,22440,2,60
22561,22561,2,60
22649,11484,2,73
22286,22286,2,60
22682,22681,2,65
22682,22682,2,60
23012,23012,2,60
22810,11567,2,76
23013,23008,2,78
22287,22288,2,71
22441,22442,2,88
22648,11484,2,73
22441,22441,2,60
22562,22562,2,60
22166,22166,2,60
22287,22287,2,60
22562,22561,2,78
21743,10249,2,60
23014,23010,2,76
23013,23013,2,60
20259,22061,2,125
20259,22062,2,128
22481,11397,2,68
22895,11616,2,64
22480,11396,2,69
22067,11165,2,60
22894,11616,2,64
22486,22821,2,73
22000,21999,2,101
23030,11698,2,64
23167,11659,2,63
22066,11164,2,66
22352,11331,2,60
20909,21752,2,81
22893,11615,2,64
23174,11595,2,72
20260,20260,2,60
23031,11697,2,62
22065,11164,2,66
23090,23087,2,111
22892,11615,2,64
23168,11660,2,62
23157,11774,2,60
23032,11696,2,64
20260,20259,2,68
22581,11684,2,129
23090,23090,2,60
22064,11163,2,81
23091,23086,2,112
22350,11330,2,60
22891,11614,2,60
23169,11661,2,63
22819,11572,2,73
23037,22304,2,115
23037,22303,2,104
23091,23091,2,60
22063,11163,2,81
23092,23085,2,111
22734,23023,2,111
22399,22400,2,98
20585,20973,2,105
20499,20500,2,91
22818,11571,2,67
23092,23092,2,60
22062,11162,2,62
23093,23084,2,66
22735,23023,2,101
23058,10134,2,126
22817,11571,2,67
22280,22279,2,70
23095,23082,2,85
22061,11162,2,62
23093,23093,2,60
23094,23083,2,70
22615,22614,2,96
22857,22857,2,60
22978,22978,2,60
22615,22615,2,60
22736,22736,2,60
22857,22856,2,66
22736,22737,2,72
22789,11556,2,70
22662,11491,2,64
23043,11705,2,72
21748,20630,2,83
20014,10007,2,71
21008,21008,2,60
20267,10139,2,75
22535,11425,2,81
22788,11556,2,70
22973,11401,2,77
22103,22050,2,116
22978,22983,2,93
22737,22736,2,72
22858,22858,2,60
22979,22979,2,60
20314,20314,2,60
22616,22616,2,60
22737,22737,2,60
20314,20313,2,84
22616,22617,2,68
22661,11491,2,64
23044,11705,2,72
20970,10508,2,84
21007,21006,2,103
21007,21007,2,60
20268,10139,2,75
20015,10007,2,71
22972,11401,2,80
22787,11555,2,71
22104,22050,2,125
22534,11425,2,81
22979,22982,2,102
22617,22616,2,68
22859,22859,2,60
20313,20313,2,60
22617,22617,2,60
22738,22738,2,60
22738,22739,2,90
20968,23061,2,90
20313,20314,2,84
20951,20950,2,66
20951,20951,2,60
23170,11783,2,60
23045,11706,2,65
21006,21007,2,103
22859,22860,2,75
20265,10138,2,65
21006,21006,2,60
22786,11555,2,71
22533,11424,2,83
22445,23012,2,116
22739,22738,2,90
20279,20279,2,60
22618,22618,2,60
22739,22739,2,60
22618,22619,2,72
20950,20950,2,60
22075,22742,2,106
20950,20951,2,66
23046,11706,2,65
20279,20280,2,85
20266,10138,2,65
22532,11424,2,83
22785,11554,2,102
22446,23012,2,106
22619,22618,2,72
22619,22619,2,60
20553,20552,2,74
20553,20553,2,60
21750,20570,2,83
23047,11707,2,60
22784,11554,2,102
22531,11423,2,65
22500,22485,2,76
20552,20553,2,74
20310,20310,2,60
20552,20552,2,60
22490,22973,2,118
22490,22972,2,121
23048,11708,2,60
22369,11339,2,64
22530,11423,2,65
22783,11553,2,74
22501,22483,2,110
22256,20962,2,111
20276,20276,2,60
20551,20550,2,82
20551,20551,2,60
22256,20963,2,86
23049,11709,2,60
22203,10330,2,74
20310,20309,2,118
22061,20259,2,125
22368,11339,2,64
22782,11553,2,74
20550,20551,2,82
20275,20275,2,60
22061,20260,2,133
20550,20550,2,60
22062,20259,2,128
22367,11338,2,64
22781,11552,2,100
22332,22333,2,115
22453,22454,2,82
22453,22453,2,60
22574,22574,2,60
20563,10294,2,61
22332,22332,2,60
22299,22299,2,60
22574,22573,2,75
22970,22970,2,60
22695,22695,2,60
22695,22696,2,89
22970,22971,2,126
22705,11513,2,68
22957,11656,2,60
22850,22849,2,84
22831,11580,2,74
20310,10160,2,89
21808,21809,2,94
21808,21808,2,60
21143,21828,2,70
22333,22332,2,115
22454,22454,2,60
20564,10295,2,62
22333,22333,2,60
22454,22453,2,82
22696,22695,2,89
22850,22850,2,60
22971,22971,2,60
22696,22696,2,60
22971,22970,2,126
22704,11512,2,64
22956,11655,2,60
23026,23032,2,69
22669,11495,2,69
23026,23026,2,60
23147,23147,2,60
21928,21928,2,60
21928,21927,2,67
22334,22335,2,69
22059,22059,2,60
22455,22456,2,88
22455,22455,2,60
22334,22334,2,60
22851,22851,2,60
22972,22972,2,60
22697,22697,2,60
22730,22730,2,60
22697,22698,2,68
22730,22731,2,94
22851,22852,2,93
22972,22973,2,68
23027,23031,2,65
22955,11654,2,60
22703,11512,2,64
23024,23063,2,71
21935,20520,2,85
22668,11494,2,95
23027,23027,2,60
23148,23148,2,60
21935,20519,2,95
21927,21928,2,67
21927,21927,2,60
22059,22060,2,102
22577,22578,2,69
22335,22334,2,69
22456,22456,2,60
22577,22577,2,60
22335,22335,2,60
22456,22455,2,88
22698,22697,2,68
22731,22730,2,94
20562,10294,2,61
22852,22852,2,60
22973,22973,2,60
22610,22610,2,60
22698,22698,2,60
22731,22731,2,60
22852,22851,2,93
22973,22972,2,68
22610,22611,2,72
23028,23030,2,68
21941,21784,2,67
21753,11678,2,102
22954,11653,2,60
22667,11494,2,95
23028,23028,2,60
23149,23149,2,60
21926,21926,2,60
21926,21925,2,75
22336,22337,2,88
22457,22458,2,81
22457,22457,2,60
22578,22578,2,60
22336,22336,2,60
22578,22577,2,69
22611,22610,2,72
22974,22974,2,60
22611,22611,2,60
22699,22699,2,60
22732,22732,2,60
22732,22733,2,87
22953,11652,2,60
22666,11493,2,69
23029,23029,2,60
21925,21926,2,75
21925,21925,2,60
22337,22336,2,88
22458,22458,2,60
22579,22579,2,60
22337,22337,2,60
22458,22457,2,81
22733,22732,2,87
22975,22975,2,60
22612,22612,2,60
22733,22733,2,60
22612,22613,2,80
22700,11510,2,60
22952,11651,2,60
22539,11427,2,72
22665,11493,2,69
22579,22580,2,71
22538,11427,2,72
20258,22256,2,83
22338,22339,2,83
22459,22459,2,60
22338,22338,2,60
22613,22612,2,80
22976,22976,2,60
22613,22613,2,60
22734,22734,2,60
22734,22735,2,117
20559,20558,2,65
20559,20559,2,60
22951,11650,2,60
22664,11492,2,81
20269,10140,2,75
23041,11704,2,70
20971,10509,2,116
22459,22460,2,88
22537,11426,2,64
20257,22256,2,93
22339,22338,2,83
22339,22339,2,60
22735,22734,2,117
20558,20559,2,65
22856,22856,2,60
22977,22977,2,60
22614,22614,2,60
22735,22735,2,60
22614,22615,2,96
20558,20558,2,60
22856,22857,2,66
22663,11492,2,81
23042,11704,2,70
20972,10509,2,116
21009,21009,2,60
22536,11426,2,64
22950,11649,2,66
22291,22292,2,67
22489,22973,2,75
22170,22170,2,60
22291,22291,2,60
22489,22972,2,76
20559,10292,2,63
22050,22050,2,60
22292,22291,2,67
22171,22171,2,60
22292,22292,2,60
23058,22256,2,111
22827,11576,2,64
22483,11408,2,85
22293,22294,2,88
22172,22172,2,60
22293,22293,2,60
20305,10158,2,74
22690,22689,2,76
22826,11576,2,64
23140,23140,2,60
23140,23141,2,69
23056,22292,2,132
23056,22291,2,125
20922,22996,2,122
22294,22293,2,88
22173,22173,2,60
22294,22294,2,60
22690,22690,2,60
20558,10292,2,63
20306,10158,2,74
23141,23140,2,69
23020,23020,2,60
23141,23141,2,60
23021,23017,2,67
22195,11239,2,67
22174,22175,2,93
22295,22296,2,69
22174,22174,2,60
22295,22295,2,60
22450,22449,2,79
22824,11574,2,69
23021,23021,2,60
23022,23016,2,65
20969,10508,2,84
22194,11239,2,67
22175,22174,2,93
22296,22295,2,69
22450,22450,2,60
22175,22175,2,60
22296,22296,2,60
22949,11649,2,66
22823,11573,2,60
23022,23022,2,60
23023,23019,2,106
22330,22331,2,106
22297,22298,2,84
22451,22452,2,80
22451,22451,2,60
22330,22330,2,60
22297,22297,2,60
22693,22693,2,60
20301,10156,2,71
22948,11648,2,87
21748,10330,2,78
23023,23023,2,60
23144,23144,2,60
20553,10289,2,67
22573,22574,2,75
22331,22330,2,106
22298,22297,2,84
22452,22452,2,60
22573,22573,2,60
22331,22331,2,60
22298,22298,2,60
22452,22451,2,80
21750,10299,2,72
22947,11648,2,87
20302,10156,2,71
23024,23024,2,60
23145,23145,2,60
20968,10507,2,60
20274,20274,2,60
20274,20273,2,69
22366,11338,2,64
22780,11552,2,100
20963,23058,2,91
22304,23037,2,115
22609,22647,2,99
23165,11782,2,65
23040,22358,2,67
20273,20273,2,60
20273,20274,2,69
20260,10135,2,64
22365,11337,2,80
20962,23058,2,105
23169,11751,2,111
23166,11782,2,65
20272,20272,2,60
20272,20271,2,106
22364,11337,2,80
20271,20271,2,60
20271,20272,2,106
22363,11336,2,70
22489,11401,2,65
21935,10270,2,80
20270,20270,2,60
22362,11336,2,70
23015,22646,2,74
20270,20269,2,90
22075,11170,2,83
23036,22430,2,134
22361,11335,2,76
22290,22289,2,87
22360,11335,2,76
22996,20922,2,122
22290,22290,2,60
20309,10160,2,89
22485,11407,2,68
22428,22429,2,81
22428,22428,2,60
22549,22549,2,60
22307,22307,2,60
22549,22548,2,60
22824,22824,2,60
20249,20249,2,60
22945,22945,2,60
22703,22703,2,60
22703,22704,2,67
22945,22946,2,74
20920,20920,2,60
20249,20250,2,113
22501,11408,2,85
22754,11538,2,69
22466,11389,2,66
22429,22429,2,60
22429,22428,2,81
22704,22703,2,67
22946,22946,2,60
22704,22704,2,60
22946,22945,2,74
22339,11324,2,72
22753,11538,2,69
22500,11407,2,68
22883,11568,2,79
22879,11606,2,68
22465,11389,2,66
22309,22309,2,60
22826,22826,2,60
22947,22947,2,60
22705,22705,2,60
21209,10626,2,68
20522,20521,2,64
22705,22706,2,77
20522,20522,2,60
22826,22827,2,68
22947,22948,2,113
22338,11324,2,72
22752,11537,2,74
22309,22310,2,63
22878,11605,2,66
22464,11388,2,132
20230,10120,2,63
20521,20522,2,64
22706,22705,2,77
22827,22827,2,60
22948,22948,2,60
21208,10626,2,69
22706,22706,2,60
22827,22826,2,68
22948,22947,2,113
20521,20521,2,60
20232,10121,2,64
22337,11323,2,74
22751,11537,2,74
22877,11605,2,66
22463,11388,2,132
20260,11162,2,135
20231,10121,2,64
22949,22949,2,60
22707,22707,2,60
22707,22708,2,64
20520,20520,2,60
22589,11453,2,78
22336,11323,2,74
22750,11536,2,60
22876,11604,2,70
22949,22950,2,72
21213,21213,2,60
21213,21212,2,70
22462,11387,2,63
20481,10251,2,62
22708,22707,2,64
20244,20244,2,60
21206,10624,2,64
20002,20002,2,60
22708,22708,2,60
20244,20243,2,72
22588,11454,2,60
22335,11322,2,64
20520,20519,2,73
22461,11387,2,63
21212,21213,2,70
21212,21212,2,60
22875,11604,2,70
22334,11322,2,64
20482,10251,2,62
22720,22592,2,128
20243,20243,2,60
20001,20001,2,60
22709,22709,2,60
23140,11760,2,65
20243,20244,2,72
21205,10624,2,64
22587,11452,2,63
20949,10497,2,77
22460,11386,2,74
21211,21211,2,60
22709,22710,2,77
22874,11603,2,70
21211,21210,2,90
22333,11321,2,87
22721,22592,2,122
23141,11760,2,64
22586,11451,2,66
22873,11603,2,70
21210,21211,2,90
21210,21210,2,60
22332,11321,2,87
20480,10250,2,66
22387,22387,2,60
22541,22541,2,60
22266,22266,2,60
22541,22540,2,71
22662,22661,2,68
22783,22782,2,89
22662,22662,2,60
22783,22783,2,60
22636,11477,2,68
20928,20928,2,60
22923,11634,2,81
22509,11412,2,67
23092,11733,2,86
23113,23113,2,60
22292,11300,2,64
22267,22268,2,71
22388,22388,2,60
22300,22300,2,60
22267,22267,2,60
22663,22663,2,60
22784,22784,2,60
22663,22664,2,101
20530,10275,2,64
22635,11476,2,67
20927,20927,2,60
22922,11633,2,72
22508,11412,2,67
23093,11732,2,63
23114,23114,2,60
22291,11300,2,64
22301,22302,2,81
22422,22423,2,97
22268,22267,2,71
22422,22422,2,60
22389,22389,2,60
22543,22543,2,60
22301,22301,2,60
22268,22268,2,60
22664,22663,2,101
22664,22664,2,60
22785,22785,2,60
22634,11476,2,67
22921,11633,2,72
20239,10125,2,90
22507,11411,2,66
23094,11731,2,65
23115,23115,2,60
23115,23117,2,71
22389,22390,2,77
22302,22301,2,81
22423,22423,2,60
22302,22302,2,60
22423,22422,2,97
22665,22665,2,60
22786,22786,2,60
22665,22666,2,77
22786,22787,2,82
20529,20529,2,60
22633,11475,2,73
23095,11730,2,73
22759,11541,2,68
22820,22819,2,87
23117,23115,2,71
22506,11411,2,66
20529,20530,2,68
23116,23116,2,60
23096,11729,2,74
23116,23118,2,127
23051,22824,2,77
22303,22304,2,72
22303,22303,2,60
22666,22665,2,77
22787,22786,2,82
22820,22820,2,60
22666,22666,2,60
22787,22787,2,60
20924,20923,2,82
20924,20924,2,60
22632,11475,2,73
22758,11541,2,68
23118,23116,2,127
22505,11410,2,72
23117,23117,2,60
22469,11391,2,81
22304,22303,2,72
22304,22304,2,60
22821,22821,2,60
22667,22667,2,60
22700,22700,2,60
22788,22788,2,60
22667,22668,2,131
22788,22789,2,80
20923,20923,2,60
20923,20924,2,82
22631,11474,2,79
22996,10483,2,111
23097,11737,2,60
22504,11410,2,72
22757,11540,2,69
23118,23118,2,60
22305,22306,2,73
22468,11390,2,64
22426,22427,2,129
22426,22426,2,60
22305,22305,2,60
22668,22667,2,131
20009,20008,2,75
22789,22788,2,80
22822,22822,2,60
22668,22668,2,60
20009,20009,2,60
22789,22789,2,60
20526,20525,2,64
20526,20526,2,60
20922,20922,2,60
20235,10123,2,74
22630,11474,2,79
22756,11540,2,69
22503,11409,2,76
20519,21935,2,95
20002,23113,2,85
22548,22549,2,60
22306,22305,2,73
22467,11390,2,64
22427,22427,2,60
22548,22548,2,60
22306,22306,2,60
22427,22426,2,129
20525,20526,2,64
22823,22823,2,60
22669,22669,2,60
20008,20008,2,60
20008,20009,2,75
20525,20525,2,60
20921,20921,2,60
20236,10123,2,74
22502,11409,2,76
22669,22670,2,79
22755,11539,2,65
22919,11631,2,67
23013,11686,2,69
20257,20963,2,116
23113,20002,2,85
23073,23070,2,70
20525,10273,2,62
23072,23071,2,69
23072,23072,2,60
20962,22256,2,111
22965,23167,2,66
22266,20494,2,126
22380,22380,2,60
22918,11631,2,67
23014,11687,2,68
20526,10273,2,62
23073,23073,2,60
22682,11710,2,116
23074,23069,2,66
22966,23168,2,63
22917,11630,2,60
23074,23074,2,60
23075,23068,2,66
22967,23169,2,66
22681,11710,2,121
23075,23075,2,60
22916,11629,2,62
23016,11690,2,63
20521,10271,2,62
22627,11485,2,60
22915,11629,2,62
23017,11691,2,64
23110,23109,2,77
22780,22780,2,60
20522,10271,2,62
23110,23110,2,60
22914,11628,2,71
23061,20968,2,90
23018,11692,2,60
22385,22386,2,69
22385,22385,2,60
22626,11472,2,60
22781,22781,2,60
23111,23111,2,60
23111,23112,2,69
23090,11735,2,85
22913,11628,2,72
23019,11693,2,83
20520,10270,2,66
22540,22541,2,71
22386,22386,2,60
22540,22540,2,60
22625,11471,2,63
22386,22385,2,69
22661,22661,2,60
22782,22782,2,60
22661,22662,2,68
22782,22783,2,89
23112,23111,2,69
23112,23112,2,60
23091,11734,2,86
22700,22699,2,60
20241,20241,2,60
22585,11451,2,66
23040,11334,2,63
22331,11320,2,83
20240,20240,2,60
20482,20481,2,63
21202,10622,2,64
20482,20482,2,60
20948,10497,2,77
22330,11320,2,83
21201,10622,2,64
20481,20482,2,63
20481,20481,2,60
23023,11529,2,97
20945,10496,2,82
20240,20239,2,120
22266,10257,2,133
20480,20480,2,60
22169,11217,2,60
22582,11449,2,83
20943,10495,2,76
20529,10275,2,64
20480,20479,2,71
22581,11449,2,82
20944,10496,2,82
20599,20600,2,66
23010,11687,2,68
21947,11109,2,63
22580,11448,2,65
21828,10594,2,65
20505,10497,2,104
21926,20255,2,120
23011,11688,2,68
21926,20256,2,94
23070,23070,2,60
23070,23073,2,70
22166,11214,2,60
21946,11109,2,64
22967,23124,2,113
20258,20962,2,132
20258,20963,2,105
23012,11689,2,60
21925,20255,2,129
20506,10497,2,126
21925,20256,2,107
23071,23071,2,60
23071,23072,2,69
20963,22256,2,86
22290,11299,2,74
22318,22317,2,75
22318,22318,2,60
22714,22713,2,87
22835,22835,2,60
22956,22956,2,60
22714,22714,2,60
22835,22836,2,91
20931,20931,2,60
20931,20932,2,129
22478,11395,2,73
20244,10127,2,66
22765,11544,2,87
21745,21745,2,60
21753,22996,2,102
22512,11414,2,60
20548,21744,2,60
22681,23052,2,121
20497,10259,2,76
22836,22836,2,60
20259,20259,2,60
22957,22957,2,60
20494,22266,2,126
22715,22715,2,60
22836,22835,2,91
22715,22716,2,61
20534,20533,2,81
20534,20534,2,60
22477,11395,2,73
20259,20260,2,68
21744,21744,2,60
22764,11544,2,87
22682,23052,2,116
20498,10259,2,76
20533,20534,2,81
22716,22715,2,61
22837,22837,2,60
20258,20258,2,60
22958,22958,2,60
22716,22716,2,60
20258,20257,2,72
20533,20533,2,60
22837,22838,2,73
22476,11394,2,77
22104,11114,2,76
22446,11689,2,106
22510,11413,2,60
21743,21743,2,60
22763,11543,2,73
22349,11329,2,64
20015,20014,2,82
22838,22838,2,60
20257,20257,2,60
22959,22959,2,60
20015,20015,2,60
22717,22717,2,60
22838,22837,2,73
20532,20531,2,70
20499,20499,2,60
20532,20532,2,60
20257,20258,2,72
22475,11394,2,77
22348,11329,2,64
22896,11539,2,65
20243,10127,2,66
22103,11114,2,67
22762,11543,2,73
22445,11689,2,116
20531,20532,2,70
22839,22839,2,60
20256,20256,2,60
20014,20014,2,60
22718,22718,2,60
20256,20255,2,134
20014,20015,2,82
20498,20497,2,93
22718,22719,2,80
20498,20498,2,60
20531,20531,2,60
22474,11393,2,60
23150,11768,2,60
22347,11328,2,71
20240,10125,2,90
22102,11114,2,97
22839,22840,2,88
22761,11542,2,102
20493,10257,2,68
22423,23018,2,133
20497,20498,2,93
22719,22718,2,80
20255,20255,2,60
22719,22719,2,60
23033,11610,2,70
20497,20497,2,60
20530,20530,2,60
20255,20256,2,134
22101,11114,2,89
22346,11328,2,71
20241,10126,2,60
22760,11542,2,102
22886,11610,2,70
20494,10257,2,68
20254,20254,2,60
22472,11392,2,62
22059,11161,2,81
20530,20529,2,68
22345,11327,2,63
20491,10256,2,82
20253,20253,2,60
23152,11770,2,60
22471,11392,2,62
22597,11457,2,107
22344,11327,2,63
22885,11609,2,89
20492,10256,2,82
22431,22432,2,67
22647,11483,2,79
22431,22431,2,60
22398,22398,2,60
22310,22310,2,60
22398,22397,2,68
22673,22673,2,60
22794,22794,2,60
22673,22674,2,98
22794,22795,2,67
23003,23003,2,60
23124,23124,2,60
23009,22587,2,66
23003,23004,2,67
20973,10307,2,83
22370,23053,2,76
22646,11482,2,67
22432,22432,2,60
22399,22399,2,60
22278,22278,2,60
22432,22431,2,67
22674,22673,2,98
22795,22794,2,67
22674,22674,2,60
22795,22795,2,60
20300,20299,2,78
23005,23000,2,65
22950,22949,2,72
23004,23003,2,67
23004,23004,2,60
22433,22434,2,78
22645,11481,2,64
22433,22433,2,60
22279,22279,2,60
22950,22950,2,60
22675,22675,2,60
22796,22796,2,60
22106,11183,2,84
22675,22676,2,70
22796,22797,2,68
22519,11417,2,63
23005,23005,2,60
22279,22280,2,70
20973,20585,2,105
20963,11713,2,91
22555,22556,2,68
22434,22434,2,60
22555,22555,2,60
22434,22433,2,78
22676,22675,2,70
22797,22796,2,68
22951,22951,2,60
22105,11183,2,84
22676,22676,2,60
22797,22797,2,60
22518,11417,2,63
22644,11481,2,64
22710,22709,2,77
23006,23006,2,60
23127,23127,2,60
23127,23128,2,127
22435,22436,2,70
22435,22435,2,60
22556,22556,2,60
22556,22555,2,68
22831,22831,2,60
22952,22952,2,60
22677,22677,2,60
22710,22710,2,60
22798,22798,2,60
22677,22678,2,70
22798,22799,2,95
22831,22832,2,88
22517,11416,2,72
22643,11480,2,83
23128,23127,2,127
23007,23007,2,60
23128,23128,2,60
23124,23169,2,111
21743,20478,2,60
22516,11416,2,72
22315,22316,2,68
20249,10130,2,86
22436,22436,2,60
22315,22315,2,60
22436,22435,2,70
22678,22677,2,70
22799,22798,2,95
22832,22832,2,60
22953,22953,2,60
22678,22678,2,60
22799,22799,2,60
22832,22831,2,88
20538,20537,2,94
20538,20538,2,60
22769,11546,2,67
20934,20933,2,67
20934,20934,2,60
23008,23013,2,78
22642,11480,2,83
23008,23008,2,60
22515,11415,2,60
21748,21748,2,60
20962,11713,2,105
20499,10260,2,75
22437,22438,2,84
22316,22315,2,68
22437,22437,2,60
22316,22316,2,60
20537,20538,2,94
22833,22833,2,60
22954,22954,2,60
22679,22679,2,60
20537,20537,2,60
22833,22834,2,73
22768,11546,2,67
20933,20933,2,60
20933,20934,2,67
22641,11479,2,72
23009,23009,2,60
22679,22680,2,62
21747,21747,2,60
22981,22693,2,75
22317,22318,2,75
22438,22438,2,60
22317,22317,2,60
22438,22437,2,84
22834,22834,2,60
22955,22955,2,60
22713,22713,2,60
22834,22833,2,73
22713,22714,2,87
20932,20931,2,129
22767,11545,2,64
20932,20932,2,60
22479,11396,2,69
22640,11479,2,72
21014,22048,2,89
22766,11545,2,64
21746,21746,2,60
22805,11564,2,64
22390,22390,2,60
23024,11695,2,66
20537,10279,2,77
20951,10498,2,63
22661,22717,2,135
22822,11398,2,60
23083,23083,2,60
23082,23095,2,85
22175,11222,2,77
22391,22392,2,123
20538,10279,2,77
22391,22391,2,60
22662,22717,2,131
22821,11399,2,66
22804,11564,2,64
23084,23093,2,66
23083,23094,2,70
23084,23084,2,60
22299,11304,2,85
22174,11222,2,77
23026,11696,2,64
22392,22392,2,60
22271,22271,2,60
22392,22391,2,123
23085,23092,2,111
22803,11563,2,74
23018,22423,2,133
23085,23085,2,60
22298,11303,2,72
22173,11221,2,60
23027,11697,2,62
22393,22394,2,70
22393,22393,2,60
22272,22272,2,60
20950,10498,2,63
23086,23091,2,112
22802,11563,2,74
23086,23086,2,60
22297,11303,2,72
22256,11713,2,111
22172,11220,2,60
22050,11114,2,109
23028,11698,2,64
22273,22274,2,98
22394,22394,2,60
22273,22273,2,60
22394,22393,2,70
20533,10277,2,70
22790,22790,2,60
22790,22791,2,105
23087,23090,2,111
22670,22669,2,79
22801,11562,2,71
23087,23087,2,60
22296,11302,2,65
23029,11699,2,60
22395,22396,2,91
22274,22273,2,98
22395,22395,2,60
22171,11219,2,60
22274,22274,2,60
20534,10277,2,70
22791,22790,2,105
22670,22670,2,60
22791,22791,2,60
22926,11635,2,68
22800,11562,2,71
22639,11478,2,65
23000,23000,2,60
23088,23088,2,60
23088,23089,2,116
23006,22581,2,129
23000,23005,2,65
22295,11302,2,65
22275,22276,2,89
22396,22396,2,60
22550,22550,2,60
22170,11218,2,60
22275,22275,2,60
22396,22395,2,91
22792,22792,2,60
20531,10276,2,65
22792,22793,2,70
22925,11635,2,68
22638,11478,2,65
23089,23088,2,116
23001,23001,2,60
23089,23089,2,60
23122,23122,2,60
22294,11301,2,74
22397,22398,2,68
22276,22275,2,89
22430,22430,2,60
22397,22397,2,60
22276,22276,2,60
22793,22792,2,70
20532,10276,2,65
22793,22793,2,60
22310,22309,2,63
22924,11634,2,81
22637,11477,2,68
23002,23002,2,60
23123,23123,2,60
22293,11301,2,74
20252,20252,2,60
20252,20251,2,68
20494,20493,2,76
20494,20494,2,60
22470,11391,2,81
20520,21935,2,85
22596,11457,2,107
22343,11326,2,64
22884,11609,2,89
20493,20494,2,76
20251,20251,2,60
23056,11300,2,129
20493,20493,2,60
20251,20252,2,68
22595,11456,2,73
22717,22661,2,135
22717,22662,2,131
22342,11326,2,64
22304,11702,2,115
22883,11608,2,60
23053,11340,2,68
20250,20250,2,60
23144,11762,2,60
20492,20491,2,104
20492,20492,2,60
21213,10628,2,65
22303,11702,2,104
22341,11325,2,66
22594,11456,2,73
22882,11607,2,64
21926,10133,2,92
20491,20492,2,104
23145,11763,2,60
20491,20491,2,60
23058,20258,2,121
23058,20257,2,132
20250,20249,2,113
21212,10628,2,65
22881,11607,2,64
22340,11325,2,66
21925,10133,2,106
22809,11567,2,76
23020,11694,2,60
21211,10627,2,75
22592,11455,2,60
22880,11606,2,68
23021,11691,2,64
23147,11765,2,60
21210,10627,2,75
22591,11454,2,60
23022,11690,2,63
22807,11565,2,84
23148,11766,2,60
23012,22446,2,106
23012,22445,2,116
23081,23081,2,60
22590,11453,2,78
23023,11693,2,83
22806,11565,2,84
23149,11767,2,60
22390,22389,2,77
23082,23082,2,60
23081,23096,2,88
22406,22406,2,60
22527,22527,2,60
22406,22405,2,72
22527,22526,2,71
22769,22768,2,74
22802,22802,2,60
22923,22923,2,60
22648,22648,2,60
22769,22769,2,60
22648,22649,2,86
20502,20502,2,60
22802,22803,2,87
22923,22924,2,102
20210,10110,2,71
22317,11313,2,68
22731,11527,2,77
22983,11668,2,77
21712,21713,2,98
22443,11378,2,77
21712,21712,2,60
20589,10309,2,77
22528,22529,2,70
22528,22528,2,60
22649,22648,2,86
22803,22803,2,60
22924,22924,2,60
22649,22649,2,60
22803,22802,2,87
22924,22923,2,102
20622,20622,2,60
20589,20589,2,60
22316,11312,2,64
22982,11669,2,81
22730,11527,2,77
22442,11377,2,74
22529,22529,2,60
22529,22528,2,70
22804,22804,2,60
22925,22925,2,60
20588,20587,2,79
20621,20621,2,60
20588,20588,2,60
20500,20500,2,60
20621,20620,2,91
22804,22805,2,68
22925,22926,2,77
22315,11312,2,64
22441,11377,2,74
20587,10308,2,70
20587,20588,2,79
22805,22805,2,60
22926,22926,2,60
20620,20621,2,91
22805,22804,2,68
22926,22925,2,77
20620,20620,2,60
20587,20587,2,60
22980,11670,2,60
22279,11294,2,65
22440,11376,2,60
21809,11014,2,77
20588,10308,2,70
22806,22806,2,60
22806,22807,2,107
20298,10154,2,64
22566,11441,2,80
20928,10486,2,107
22278,11293,2,60
20585,10307,2,83
20297,10154,2,64
21808,11014,2,77
22807,22807,2,60
22807,22806,2,107
20585,20585,2,60
22972,22489,2,76
20299,10155,2,69
22565,11441,2,80
22972,22490,2,121
22973,22489,2,75
20948,10263,2,107
23052,22682,2,116
23052,22681,2,121
22276,11292,2,74
22973,22490,2,118
20295,10153,2,78
22809,22809,2,60
23033,22886,2,81
22275,11292,2,75
20949,10263,2,123
20927,10486,2,107
22689,11505,2,68
22809,22810,2,93
21745,20943,2,92
20296,10153,2,78
22310,11309,2,61
22002,22002,2,60
22739,11531,2,75
22002,22001,2,68
22365,22365,2,60
22486,22486,2,60
22365,22364,2,100
22882,22882,2,60
22640,22640,2,60
22761,22761,2,60
22882,22881,2,68
22640,22641,2,84
22866,11599,2,88
22613,11465,2,70
20218,10114,2,61
23058,23058,2,60
23179,23179,2,60
22900,11619,2,85
22003,22003,2,60
22366,22367,2,69
22520,22521,2,91
22366,22366,2,60
22520,22520,2,60
22003,22004,2,75
22641,22640,2,84
22883,22883,2,60
22996,21753,2,102
22641,22641,2,60
22762,22762,2,60
22762,22763,2,87
22896,22755,2,70
20509,20509,2,60
22612,11465,2,70
22865,11599,2,88
22738,11531,2,75
23059,23059,2,60
23070,11722,2,65
20509,20510,2,74
22004,22004,2,60
22449,11381,2,69
22004,22003,2,75
22367,22367,2,60
22400,22400,2,60
22521,22521,2,60
22367,22366,2,69
22521,22520,2,91
22763,22762,2,87
22884,22884,2,60
20630,10330,2,65
22642,22642,2,60
22763,22763,2,60
22642,22643,2,107
20508,20507,2,68
20629,20629,2,60
20508,20508,2,60
22884,22885,2,117
20629,20628,2,62
22611,11464,2,66
22864,11598,2,74
22989,11676,2,64
22737,11530,2,66
23071,11723,2,65
22863,11598,2,74
22448,11380,2,77
22368,22369,2,68
22401,22402,2,73
22368,22368,2,60
22401,22401,2,60
22489,22489,2,60
22647,22609,2,99
22643,22642,2,107
20507,20508,2,68
22885,22885,2,60
22643,22643,2,60
22764,22764,2,60
22885,22884,2,117
20628,20629,2,62
22764,22765,2,115
20628,20628,2,60
20507,20507,2,60
22610,11464,2,66
20217,10114,2,61
22988,11675,2,64
23072,11723,2,65
22736,11530,2,66
23061,10507,2,90
22489,22490,2,105
22862,11597,2,63
22447,11380,2,77
22369,22369,2,60
22402,22402,2,60
22369,22368,2,68
22402,22401,2,73
22765,22764,2,115
22886,22886,2,60
22644,22644,2,60
22765,22765,2,60
22644,22645,2,67
20506,20505,2,99
20627,20627,2,60
20506,20506,2,60
20627,20626,2,131
22987,11674,2,60
23073,11722,2,65
23216,23216,2,60
22735,11529,2,88
22861,11597,2,63
22403,22404,2,90
22524,22525,2,79
22403,22403,2,60
22524,22524,2,60
22645,22644,2,67
20505,20506,2,99
22645,22645,2,60
22766,22766,2,60
20626,20627,2,131
22766,22767,2,68
20626,20626,2,60
20505,20505,2,60
23074,11721,2,63
22986,11673,2,63
23217,23217,2,60
22050,21966,2,71
22734,11529,2,88
23217,23218,2,75
22446,11379,2,66
22860,11596,2,67
22404,22404,2,60
22525,22525,2,60
22404,22403,2,90
22525,22524,2,79
22767,22766,2,68
20229,20229,2,60
22800,22800,2,60
22921,22921,2,60
22646,22646,2,60
22767,22767,2,60
20504,20503,2,86
20504,20504,2,60
22800,22801,2,81
22921,22922,2,83
23075,11720,2,63
22985,11672,2,65
23218,23218,2,60
23218,23217,2,75
20229,20230,2,65
22733,11528,2,73
22445,11379,2,66
22755,22896,2,70
22405,22406,2,72
22526,22527,2,71
22405,22405,2,60
22526,22526,2,60
20503,20504,2,86
22801,22801,2,60
22922,22922,2,60
22647,22647,2,60
22768,22768,2,60
22801,22800,2,81
22922,22921,2,83
22768,22769,2,74
20624,20624,2,60
20503,20503,2,60
22318,11313,2,68
22984,11671,2,94
22732,11528,2,73
23219,23219,2,60
22444,11378,2,78
21713,21712,2,98
21713,21713,2,60
20494,11287,2,126
23124,11661,2,112
20629,10329,2,61
23116,11745,2,94
20299,20300,2,78
21011,10525,2,67
20502,10261,2,79
22392,11351,2,92
23050,23050,2,60
22680,11500,2,61
22608,11463,2,60
23117,11744,2,66
22480,22479,2,77
21010,10525,2,67
20503,10262,2,73
23051,23051,2,60
22391,11351,2,92
22607,11462,2,64
22883,22812,2,79
22480,22480,2,60
23118,11745,2,94
22883,22811,2,79
20627,10328,2,96
20500,10260,2,75
23052,23052,2,60
22390,11350,2,69
22606,11462,2,64
22360,22361,2,92
22859,11596,2,67
22481,22482,2,77
22360,22360,2,60
22481,22481,2,60
22291,23056,2,125
20628,10329,2,61
23053,23053,2,60
23174,23174,2,60
22605,11461,2,73
22858,11595,2,72
22361,22361,2,60
22482,22482,2,60
22361,22360,2,92
22482,22481,2,77
22292,23056,2,132
20963,20258,2,105
23054,23054,2,60
23054,23056,2,117
20624,10327,2,60
22362,22363,2,81
22857,11594,2,63
22362,22362,2,60
22483,22483,2,60
22604,11461,2,73
20626,10328,2,96
20962,20258,2,132
22880,22879,2,77
23056,23054,2,117
23055,23055,2,60
20963,20257,2,116
22824,23051,2,77
23015,11482,2,67
22000,22000,2,60
22363,22363,2,60
22603,11460,2,74
22363,22362,2,81
22880,22880,2,60
22856,11594,2,63
23056,23056,2,60
23177,23177,2,60
20622,10326,2,60
22001,22001,2,60
22364,22365,2,100
22602,11460,2,74
22364,22364,2,60
20209,10110,2,71
22485,22485,2,60
22001,22002,2,68
22881,22881,2,60
22760,22760,2,60
20500,20499,2,91
22881,22882,2,68
22729,11526,2,83
23178,23178,2,60
23152,20258,2,122
23152,20257,2,122
22274,11291,2,79
20924,10484,2,71
22256,10134,2,88
20258,10504,2,106
20293,10152,2,65
21928,11102,2,64
22562,11439,2,69
20598,21746,2,75
22273,11291,2,79
22687,11504,2,60
22399,11355,2,79
20294,10152,2,65
22646,23015,2,74
21927,11102,2,64
22561,11439,2,69
21143,10594,2,65
20580,20580,2,60
22272,11290,2,106
23110,11743,2,68
20508,10264,2,64
20922,10483,2,76
22686,11503,2,66
22398,11354,2,64
21926,11101,2,68
21142,10593,2,82
22271,11290,2,106
20509,10265,2,67
20923,10484,2,71
20580,20579,2,75
20580,10304,2,67
20257,10504,2,117
22685,11503,2,66
22397,11354,2,64
22742,22075,2,106
21925,11101,2,68
21141,10593,2,82
20506,10263,2,80
22396,11353,2,76
21014,10527,2,75
20507,10264,2,64
20290,10150,2,79
22395,11353,2,76
22609,11483,2,79
21013,10526,2,75
20504,10262,2,73
22682,11501,2,62
22394,11352,2,65
23115,11744,2,66
22693,22981,2,75
21012,10526,2,75
20505,10263,2,80
22393,11352,2,65
23170,23170,2,60
22681,11501,2,62
22538,22539,2,84
22538,22538,2,60
20513,20514,2,101
22813,22813,2,60
20513,20513,2,60
22813,22814,2,64
22455,11384,2,74
20256,11101,2,100
22078,20502,2,98
23088,11736,2,88
21206,21206,2,60
21206,21205,2,68
23174,22858,2,84
22539,22539,2,60
22539,22538,2,84
22814,22814,2,60
22814,22813,2,64
20479,20479,2,60
22202,11240,2,93
22454,11383,2,71
23089,11736,2,88
22994,11671,2,94
22868,11600,2,63
22423,11692,2,133
20479,20480,2,71
21205,21206,2,68
21205,21205,2,60
22741,11532,2,65
22327,11318,2,60
22419,22419,2,60
22815,22815,2,60
20236,20236,2,60
20236,20235,2,88
20478,20478,2,60
20599,20599,2,60
22815,22816,2,80
22867,11600,2,63
22993,11672,2,65
22453,11383,2,71
22201,11240,2,93
22740,11532,2,65
22992,11673,2,63
22326,11317,2,71
22579,11448,2,65
20598,10314,2,68
22816,22816,2,60
20235,20235,2,60
22816,22815,2,80
20510,20510,2,60
20598,20598,2,60
20235,20236,2,88
20255,11101,2,124
22452,11382,2,70
22325,11317,2,71
22991,11675,2,64
22358,23040,2,67
22578,11447,2,65
20599,10315,2,63
22300,22299,2,110
22817,22817,2,60
20597,20596,2,78
20630,20630,2,60
20597,20597,2,60
22817,22818,2,75
22451,11382,2,70
20510,20509,2,74
22324,11316,2,63
22990,11676,2,64
21202,21202,2,60
21202,21201,2,68
22289,11299,2,74
22577,11447,2,65
23167,22965,2,66
22811,22883,2,79
20596,10313,2,69
20596,20597,2,78
22818,22818,2,60
22818,22817,2,75
20596,20596,2,60
22450,11381,2,69
22323,11316,2,63
21201,21202,2,68
21201,21201,2,60
22288,11298,2,65
23168,22966,2,63
20597,10313,2,69
22812,22883,2,79
22819,22819,2,60
20232,20232,2,60
20232,20231,2,68
22322,11315,2,65
22819,22820,2,87
22287,11298,2,65
23169,22967,2,66
20231,20231,2,60
20231,20232,2,68
22574,11445,2,68
22321,11315,2,65
22286,11297,2,70
20229,10120,2,63
22530,22531,2,69
22497,22498,2,86
22624,11471,2,63
22376,22376,2,60
22530,22530,2,60
22497,22497,2,60
22893,22893,2,60
22651,22651,2,60
22772,22772,2,60
22893,22892,2,68
22651,22652,2,70
22772,22773,2,89
23069,23074,2,66
22735,11693,2,123
23069,23069,2,60
20258,23152,2,122
23081,11729,2,74
20259,11162,2,127
22623,11470,2,63
22531,22531,2,60
22498,22498,2,60
22256,22256,2,60
22531,22530,2,69
22498,22497,2,86
22652,22651,2,70
22773,22772,2,89
22894,22894,2,60
22652,22652,2,60
22773,22773,2,60
22894,22895,2,68
22734,11693,2,128
23103,23103,2,60
20257,23152,2,122
22532,22533,2,106
22378,22378,2,60
22532,22532,2,60
22209,11243,2,67
22895,22895,2,60
22653,22653,2,60
22774,22774,2,60
22895,22894,2,68
22653,22654,2,82
22774,22775,2,60
20519,20519,2,60
22622,11470,2,63
23082,11730,2,73
20519,20520,2,73
23104,23104,2,60
23104,23105,2,71
22533,22533,2,60
22533,22532,2,106
22654,22653,2,82
22775,22774,2,60
22896,22896,2,60
22654,22654,2,60
22775,22775,2,60
20518,20517,2,97
20518,20518,2,60
22208,11243,2,68
22748,11535,2,69
23083,11731,2,65
23105,23104,2,71
23105,23105,2,60
22621,11469,2,88
22999,11679,2,62
23108,11105,2,115
22534,22535,2,101
22534,22534,2,60
20517,20518,2,97
22897,22897,2,60
22655,22655,2,60
22776,22776,2,60
22655,22656,2,67
22776,22777,2,69
20517,20517,2,60
22897,22898,2,80
22747,11535,2,69
22207,11242,2,73
23084,11732,2,63
22810,22809,2,93
22459,11386,2,74
22620,11469,2,88
20478,10249,2,60
22535,22535,2,60
22535,22534,2,101
22656,22655,2,67
22777,22776,2,69
22810,22810,2,60
22898,22898,2,60
22656,22656,2,60
22777,22777,2,60
22898,22897,2,80
20516,20515,2,119
20516,20516,2,60
22746,11534,2,66
22998,11677,2,65
22206,11242,2,73
23085,11733,2,86
22458,11385,2,71
20479,10250,2,66
21209,21209,2,60
21209,21208,2,77
22997,11679,2,62
22536,22537,2,67
22536,22536,2,60
20515,20516,2,119
22811,22811,2,60
22657,22657,2,60
22778,22778,2,60
20515,20515,2,60
22811,22812,2,60
23058,20962,2,105
23058,20963,2,91
22745,11534,2,66
22205,11241,2,71
23086,11734,2,86
22457,11385,2,71
23108,23108,2,60
21208,21209,2,77
21208,21208,2,60
22996,11678,2,60
22537,22537,2,60
22537,22536,2,67
22812,22812,2,60
20239,20239,2,60
22658,22658,2,60
22779,22779,2,60
22812,22811,2,60
20514,20513,2,101
20514,20514,2,60
23109,23110,2,77
22204,11241,2,71
23087,11735,2,85
22456,11384,2,74
23109,23109,2,60
20239,20240,2,120
22995,11677,2,65
22329,11319,2,60
21966,21966,2,60
23127,11753,2,94
22093,22093,2,60
23001,11681,2,60
20514,10267,2,81
22093,22094,2,75
21752,20909,2,81
20963,10134,2,110
22490,22489,2,105
22078,10261,2,79
23061,23061,2,60
23182,23182,2,60
23182,23183,2,86
23149,11540,2,108
22094,22094,2,60
23002,11682,2,60
23128,11753,2,94
22094,22093,2,75
22490,22490,2,60
20515,10268,2,90
22907,11623,2,73
23067,23011,2,76
23183,23182,2,86
23062,23062,2,60
23183,23183,2,60
23003,11683,2,64
22491,22492,2,76
22370,22370,2,60
22491,22491,2,60
22619,11468,2,66
22906,11623,2,73
23063,23063,2,60
22690,11505,2,68
23004,11683,2,64
22096,22096,2,60
22492,22492,2,60
22492,22491,2,76
20513,10267,2,81
22905,11622,2,60
22618,11468,2,66
23005,11680,2,62
22048,10527,2,75
23036,11371,2,97
21999,22000,2,101
22372,22372,2,60
20510,10265,2,67
22904,11621,2,60
22617,11467,2,64
22650,22627,2,60
23065,23065,2,60
23186,23186,2,60
22099,10001,2,69
23186,23188,2,100
23006,11684,2,60
20909,20909,2,60
22616,11467,2,64
23188,23186,2,100
23066,23066,2,60
23007,11685,2,60
22099,22099,2,60
22495,22496,2,75
22374,22374,2,60
22495,22495,2,60
22891,22891,2,60
22770,22770,2,60
22770,22771,2,72
22902,11620,2,60
22615,11466,2,78
23067,23067,2,60
23188,23188,2,60
20949,20505,2,118
20949,20506,2,132
20258,23058,2,121
23008,11686,2,69
22496,22496,2,60
22496,22495,2,75
22771,22770,2,72
22892,22892,2,60
22650,22650,2,60
22771,22771,2,60
22892,22893,2,68
22614,11466,2,78
23068,23075,2,66
23068,23068,2,60
22901,11619,2,85
20948,20505,2,93
20948,20506,2,124
20257,23058,2,132
20230,20230,2,60
20593,20592,2,91
20478,21743,2,60
20593,20593,2,60
22573,11445,2,68
22285,11297,2,70
20592,10311,2,96
20592,20593,2,91
20592,20592,2,60
22699,11510,2,60
22592,22720,2,128
22592,22721,2,122
20230,20229,2,65
22284,11296,2,100
20593,10311,2,106
20934,10489,2,64
20591,20590,2,114
20591,20591,2,60
23122,11749,2,60
20519,10270,2,76
22283,11296,2,101
20590,10310,2,87
22698,11509,2,64
20590,20591,2,114
21828,21143,2,70
20590,20590,2,60
22101,21966,2,128
22483,22501,2,110
21937,11106,2,66
22282,11295,2,87
20591,10310,2,87
22697,11509,2,64
20518,10269,2,78
23123,11750,2,60
23152,10134,2,121
20932,10488,2,95
21934,23108,2,106
22102,21966,2,135
22281,11295,2,87
21936,11106,2,66
22696,11508,2,74
23124,11751,2,60
20933,10489,2,64
22485,22500,2,76
22103,21966,2,106
21933,23108,2,124
22280,11294,2,65
21784,21941,2,67
21753,20922,2,93
22695,11508,2,74
20516,10268,2,90
23037,11306,2,110
21024,10532,2,63
22104,21966,2,114
23180,23180,2,60
21934,11105,2,73
23063,23024,2,71
21023,10532,2,63
22909,11624,2,60
23000,11680,2,62
20517,10269,2,78
20931,10488,2,95
23060,23060,2,60
23181,23181,2,60
21933,11105,2,73
22693,11507,2,68
